37.97
37.94
36.76
36.87
37.03
36.96
36.28
35.75
35.37
34.97
35.2
35.12
35.14
34.95
35
34.54
35.14
34.38
36.1
35.3
35.82
36.23
35.59
36.05
36.07
35.42
36.12
35.64
35.11
35.1
34.07
33.24
32.48
32.42
32.55
31.96
31.94
32.16
32.7
32.22
32.3
32.8
33.06
33.27
33.17
32.42
32.53
32.29
32.13
32.13
32.27
31.7
31.18
31.97
32.26
31.38
30.76
30.36
30.87
31.47
31.59
32.02
32.07
31.66
31.91
32.14
32.66
34.22
34.83
34.68
35.5
35.72
35.97
35.67
34.82
34.45
33.76
33.92
34.57
34.76
35.03
33.85
34.14
33.77
33.55
33.89
33.95
34.2
33.3
33.96
33.9
33.45
32.51
32.49
32.49
32.7
33.73
33.73
34.94
35.45
34.2
33.97
34.85
34.98
35.34
35.39
35.17
34.74
33.93
33.76
34.1
33.19
32.65
32.49
32.68
34.04
33.48
32.47
33.25
33.25
33.4
32.06
31.67
32.04
32.1
31.9
33
33.45
33.66
35
35.82
36.24
35.9
35.84
34.94
35.32
36.42
38.03
39.85
39.22
38.69
38.16
37.98
38.44
38.67
37.93
37.76
37.6
37.26
37.56
38.42
38.56
38.07
37.94
37.84
38
38.2
38.8
38.9
38.54
38.54
37.87
37.58
37.51
36.53
36.56
36.66
37.32
37.3
37.22
38.04
38.09
37.65
36.79
37.33
37.66
37.69
37.32
37.67
37.69
37.04
37.13
36.34
35.68
36.2
35.61
36.52
35.82
36.7
36.46
36.04
35.24
35.04
34
34
34.06
33.97
34.07
33.26
33.5
34.25
35.82
35.6
34.25
33.69
34.07
34.35
34.83
35.37
34.62
35.13
36.11
36.65
36.31
36.31
36.74
36.56
37.12
37.87
38.38
37.89
37.9
37.81
37.47
36.58
36.58
36.51
35.92
36.16
35.55
35.55
35.18
33.88
33.41
33.97
33.21
33.82
33.25
32.98
33.15
32.98
33.57
34.66
35.01
35.63
35.78
35.92
36.67
36.28
35.61
36.41
36.41
35.36
36.06
36.13
36
36.85
36.74
36.21
35.09
